C:\Users\Administrator\PycharmProjects\PythonProject1\.venv\Scripts\python.exe C:\Users\Administrator\PycharmProjects\PythonProject1\truss3d.py 
===== 算例1: 沿x轴的一维杆单元 =====
单元长度 L = 2.0 m
方向余弦: cx=1.0, cy=0.0, cz=0.0
刚度矩阵 Ke (6x6):
[[ 10000000.         0.         0. -10000000.        -0.        -0.]
 [        0.         0.         0.        -0.        -0.        -0.]
 [        0.         0.         0.        -0.        -0.        -0.]
 [-10000000.        -0.        -0.  10000000.         0.         0.]
 [       -0.        -0.        -0.         0.         0.         0.]
 [       -0.        -0.        -0.         0.         0.         0.]]
轴向应变 epsilon = 0.0005
轴向应力 sigma = 100.0 MPa
轴力 N = 10000.0 N

验证结果:
长度应为2m: 2.0 -> OK
方向余弦应为(1,0,0): (1.0,0.0,0.0) -> OK
应变应为5e-4: 0.0005 -> OK
应力应为100MPa: 100.0 MPa -> OK
轴力应为1e4N: 10000.0 N -> OK

===== 算例2: 空间任意方向杆单元 =====
单元长度 L = 3.0 m
方向余弦: cx=0.3333333333333333, cy=0.6666666666666666, cz=0.6666666666666666
刚度矩阵 Ke (6x6):
[[ 1555555.55555556  3111111.11111111  3111111.11111111 -1555555.55555556
  -3111111.11111111 -3111111.11111111]
 [ 3111111.11111111  6222222.22222222  6222222.22222222 -3111111.11111111
  -6222222.22222222 -6222222.22222222]
 [ 3111111.11111111  6222222.22222222  6222222.22222222 -3111111.11111111
  -6222222.22222222 -6222222.22222222]
 [-1555555.55555556 -3111111.11111111 -3111111.11111111  1555555.55555556
   3111111.11111111  3111111.11111111]
 [-3111111.11111111 -6222222.22222222 -6222222.22222222  3111111.11111111
   6222222.22222222  6222222.22222222]
 [-3111111.11111111 -6222222.22222222 -6222222.22222222  3111111.11111111
   6222222.22222222  6222222.22222222]]
Ke对称性检查 (范数差): 0.0 (应为0)
Ke的特征值: [-6.46062286e-12 -2.50884590e-26  9.59603598e-56  8.52269072e-25
  6.06005736e-09  2.80000000e+07]
最小特征值: -6.4606228630374356e-12 (应 >=0)
刚体平移位移产生的应变: -1.3877787807814457e-17 (应为0)
轴向应变 epsilon = 0.001
轴向应力 sigma = 210.0 MPa
轴力 N = 42000.0 N

验证结果:
长度应为3m: 3.0 -> OK
方向余弦应为(1/3,2/3,2/3): (0.3333333333333333,0.6666666666666666,0.6666666666666666) -> OK
应变应为1e-3: 0.001 -> OK
应力应为210MPa: 210.0 MPa -> OK
轴力应为4.2e4N: 42000.0 N -> OK
刚体平移应变接近0: -1.3877787807814457e-17 -> OK

===== 任务4: 刚度矩阵物理意义验证 =====
Ke的第1列: [ 1555555.55555556  3111111.11111111  3111111.11111111 -1555555.55555556
 -3111111.11111111 -3111111.11111111]
Fe = Ke * de (de=[1,0,0,0,0,0]) = [ 1555555.55555556  3111111.11111111  3111111.11111111 -1555555.55555556
 -3111111.11111111 -3111111.11111111]
解释: Fe即为刚度矩阵的第1列。k_{i1}表示当第1个自由度(u1)产生单位位移时，在第i个自由度上需要施加的节点力。

进程已结束，退出代码为 0
